441,534,552,546
470,592,462,564
485,448,514,425
440,463,590,435
586,410,493,476
416,467,563,464
647,440,521,409
522,539,517,451
485,472,632,528
508,539,548,434
486,523,440,571
460,461,449,513
464,481,372,388
554,638,587,528
622,548,479,430
508,659,370,445
539,547,757,596
553,493,495,512
539,562,487,563
436,533,503,436
446,545,491,507
569,618,622,545
539,506,457,510
469,448,515,384
463,474,405,417
533,577,611,548
437,545,608,458
431,479,446,458
502,486,646,456
589,503,521,539
561,483,595,324
540,492,467,533
630,579,518,475
505,584,576,398
592,418,517,552
438,481,489,496
450,474,592,512
490,531,608,600
580,576,526,532
431,551,546,582
438,449,514,402
383,366,584,544
506,388,576,609
385,386,508,469
601,517,420,664
574,432,499,583
509,398,499,359
491,321,667,398
422,520,396,428
506,471,407,371
399,417,411,583
411,454,548,479
481,551,505,483
475,564,490,490
661,607,532,472
452,503,502,561
471,445,462,601
515,457,508,536
567,469,345,560
590,664,553,398
517,640,555,532
581,349,607,555
443,460,395,487
449,493,568,471
581,453,472,573
440,431,513,513
510,551,543,523
496,553,565,455
420,477,681,533
478,535,542,488
409,513,535,503
548,417,527,541
556,602,437,484
477,471,498,460
559,554,501,603
437,474,480,559
463,394,354,522
487,480,655,545
610,662,619,502
486,584,469,390
491,436,482,544
600,549,390,261
549,635,470,465
488,504,445,512
486,412,567,560
430,447,515,383
442,551,432,614
492,549,550,433
417,430,333,618
458,561,645,480
567,508,604,517
443,497,482,427
570,489,335,563
384,378,575,415
538,522,584,568
558,501,630,526
389,563,512,540
409,372,438,500
501,627,610,507
575,495,504,407
502,571,553,537
415,444,408,515
590,651,480,649
461,549,478,403
473,575,499,514
425,377,619,537
565,491,503,516
545,451,474,541
521,559,496,533
520,647,542,440
501,378,543,425
526,505,439,442
492,535,539,348
482,396,502,489
362,499,528,470
543,474,455,537
510,444,529,455
449,555,469,443
439,614,386,522
522,460,602,396
483,582,386,400
417,463,509,426
511,476,543,515
474,460,636,483
436,488,571,393
457,498,499,428
524,508,526,522
385,536,442,449
412,504,513,470
468,387,508,487
452,487,472,499
465,511,475,493
517,404,520,461
485,460,449,507
595,474,506,543
486,555,560,453
468,408,550,459
480,537,563,462
499,330,435,377
531,409,469,474
470,438,529,542
479,448,565,474
474,650,520,634
600,458,484,551
487,496,617,538
617,386,522,524
478,427,507,588
652,547,520,515
510,586,525,480
506,612,610,509
502,430,553,502
537,632,411,642
436,390,534,529
501,411,451,440
560,598,451,311
569,589,361,595
468,612,470,552
537,422,341,610
539,472,502,469
603,501,586,484
468,455,624,594
408,554,613,478
538,575,479,462
647,496,358,533
474,473,649,366
555,504,509,474
541,461,329,424
455,383,457,626
535,545,362,581
672,376,404,231
594,536,575,505
642,460,623,525
548,539,479,659
449,545,500,480
519,523,417,514
511,537,427,501
566,533,551,530
384,471,533,519
592,555,420,411
505,497,545,525
554,472,628,571
486,454,584,561
530,440,452,587
477,444,550,370
392,444,476,458
547,596,503,472
480,504,573,575
521,462,430,520
532,690,615,534
536,537,356,318
520,420,371,483
500,382,512,531
414,499,483,581
443,551,493,443
502,412,561,569
436,501,403,364
604,488,515,426
388,478,558,297
465,618,523,460
526,575,512,499
484,552,640,485
420,370,414,606
481,473,509,419
426,619,504,447
405,449,449,545
439,636,460,538
379,542,477,464
490,369,431,540
551,578,676,589
578,434,506,450
428,429,576,448
461,435,461,572
641,476,599,559
480,490,470,514
498,528,568,463
512,387,515,490
344,505,457,485
533,558,542,501
463,480,458,475
525,312,464,536
498,528,491,475
527,601,480,504
444,559,489,383
573,483,638,547
620,489,489,646
464,504,554,557
461,524,491,472
503,554,496,611
445,434,462,531
478,407,481,539
638,561,429,412
433,643,449,436
600,446,500,514
412,494,532,624
476,545,488,525
574,442,538,611
456,524,546,495
556,433,526,630
476,384,406,430
289,473,323,568
539,498,593,438
333,471,616,534
457,564,471,481
369,494,420,450
473,485,522,503
446,453,518,516
606,431,602,573
505,474,487,421
488,554,491,524
394,548,505,497
502,510,499,418
405,643,522,591
484,532,514,470
476,534,479,607
636,517,436,476
374,551,408,583
521,514,522,533
397,392,436,466
504,447,515,525
449,453,553,387
536,359,556,418
336,513,468,384
420,606,600,515
513,539,526,427
496,538,510,523
365,588,510,502
444,486,389,479
462,485,476,524
365,633,471,498
473,469,479,450
427,429,481,439
603,464,471,617
415,497,504,458
400,544,372,623
575,623,476,534
512,323,437,492
493,487,420,486
381,350,502,368
545,493,459,505
367,528,630,414
540,436,572,459
436,588,476,355
493,526,532,414
475,569,383,613
591,453,496,529
464,481,489,412
726,387,527,497
515,436,652,507
471,473,386,536
470,457,477,508
524,498,479,554
477,413,533,505
323,554,403,519
645,419,478,543
645,447,584,462
471,607,432,558
376,503,539,479
610,540,517,391
410,452,611,513
450,518,539,456
533,525,629,566
483,430,598,566
423,430,496,518
580,498,548,466
396,478,608,478
540,506,514,480
559,704,521,408
523,554,570,580
478,285,361,433
448,408,391,463
371,669,562,312
514,563,561,641
415,638,424,532
433,413,515,560
503,489,580,582
466,562,452,416
582,498,532,576
571,487,526,492
427,538,571,612
510,569,431,595
513,422,481,528
465,529,503,481
386,494,486,479
520,512,369,409
463,564,513,447
591,521,467,373
524,553,504,532
525,442,482,463
553,401,471,559
503,449,556,529
477,570,493,430
517,508,435,504
501,549,517,578
494,465,458,691
568,483,679,660
595,543,525,384
496,395,683,541
543,535,449,588
564,554,491,476
594,468,559,540
481,535,447,540
438,412,484,478
469,431,529,617
596,482,504,479
454,493,509,406
438,414,458,460
574,418,623,538
539,463,380,390
379,513,559,393
529,469,456,434
546,488,572,502
505,519,546,409
462,494,481,567
494,519,555,461
530,325,552,586
500,411,475,524
377,505,498,478
360,587,358,546
405,504,444,491
559,456,535,399
544,452,546,549
533,582,564,445
597,380,545,551
546,509,363,497
524,450,487,506
448,556,473,555
576,537,479,457
552,433,540,396
349,652,435,372
433,578,505,495
407,557,617,481
563,418,583,571
402,558,571,409
475,513,350,511
367,508,341,469
587,561,480,476
424,586,467,385
531,508,557,507
441,415,441,505
522,448,352,469
584,593,510,395
420,523,606,475
590,547,555,435
472,412,556,475
621,543,395,559
556,485,515,458
571,587,453,435
498,549,408,448
501,494,469,575
526,533,481,578
573,350,486,441
509,500,578,580
479,484,523,575
482,503,590,357
492,518,473,499
476,567,509,265
543,607,462,496
508,600,445,508
664,579,465,484
519,459,523,440
645,604,613,609
560,532,375,393
550,416,473,497
635,533,562,561
529,438,650,503
466,446,529,576
380,533,415,540
450,562,440,575
522,489,547,440
475,618,496,541
458,484,462,498
433,535,456,446
509,628,506,470
532,359,440,409
632,504,568,659
465,571,469,503
395,473,471,614
484,677,498,485
438,469,501,499
534,475,409,456
559,417,452,391
448,473,453,462
521,657,617,461
413,575,396,553
540,417,555,398
517,458,473,345
599,493,551,600
416,462,510,655
555,498,484,568
560,532,580,473
655,613,555,634
593,523,594,529
598,406,594,556
392,372,440,552
505,564,405,527
479,596,455,481
638,361,438,494
376,516,358,445
454,441,469,369
596,417,393,490
550,503,576,491
572,488,554,431
626,460,471,511
477,529,560,422
427,634,459,553
522,492,630,539
656,491,387,529
616,418,508,509
481,612,428,489
510,519,465,533
369,487,516,455
496,551,499,520
478,598,484,485
392,446,417,419
493,516,366,360
545,491,477,609
444,529,512,376
394,663,483,573
489,628,587,487
514,459,613,507
513,537,471,554
582,478,488,439
508,445,559,473
384,329,395,453
467,415,489,530
516,538,517,454
565,540,611,477
572,534,631,487
523,435,525,545
493,497,485,510
299,546,576,566
480,536,354,456
591,564,504,465
484,596,377,578
527,465,392,492
544,436,486,429
564,526,521,491
412,529,509,561
513,491,443,607
475,476,486,582
523,538,448,610
491,363,504,454
497,537,490,397
560,484,573,562
468,459,505,488
592,526,522,531
468,473,509,515
502,564,554,483
426,459,562,512
563,527,601,450
507,536,474,484
365,599,515,501
614,496,476,496
476,492,624,275
360,495,498,480
333,501,387,510
506,374,438,563
524,546,575,464
458,525,624,499
555,597,391,497
540,416,587,445
472,341,378,477
563,484,477,534
585,563,531,584
479,473,573,464
436,531,566,451
533,546,505,584
535,415,578,512
633,338,456,487
393,544,574,593
530,390,454,531
535,509,679,514
516,529,422,492
503,492,463,526
503,437,359,530
440,447,380,712
539,576,538,503
576,476,526,466
423,530,541,430
559,634,576,365
479,546,500,497
619,423,527,507
440,362,513,412
481,477,642,555
338,652,488,507
517,425,531,482
473,496,512,538
622,476,383,581
352,483,519,587
517,571,482,516
595,422,507,451
434,473,522,435
403,350,598,477
562,626,421,349
398,412,413,573
569,500,439,555
530,510,600,574
466,513,539,447
504,429,521,569
440,538,487,532
501,516,594,438
513,440,513,472
504,434,432,437
471,580,535,624
458,546,542,408
407,512,489,505
497,523,536,575
472,455,419,489
535,530,452,492
524,496,378,660
604,464,533,481
647,474,572,410
438,462,432,541
415,520,571,514
589,363,504,390
438,536,403,556
442,570,531,536
669,506,535,603
444,571,549,607
526,364,456,387
509,512,544,615
480,507,478,571
449,529,562,392
521,509,316,281
424,463,498,570
523,478,440,550
541,477,455,555
405,448,511,452
433,413,534,504
546,594,600,496
430,476,424,448
556,473,486,491
620,457,534,494
403,560,574,521
444,717,432,471
530,529,487,608
583,494,408,501
492,511,591,487
521,389,410,576
571,482,450,545
583,442,661,423
550,571,491,489
569,565,443,460
600,540,571,373
445,529,573,456
509,434,527,455
440,526,353,494
477,493,485,534
505,458,574,571
396,552,454,508
434,551,502,365
553,559,490,639
496,492,572,463
404,583,595,446
483,549,491,440
594,468,474,406
505,517,455,500
462,400,350,459
541,496,426,466
570,547,493,548
579,543,475,571
441,542,475,378
482,478,640,378
603,479,554,645
398,537,414,538
614,499,510,535
341,561,547,576
424,467,394,594
417,467,542,481
415,533,529,419
398,514,653,485
464,473,573,532
502,521,528,499
517,548,468,504
529,501,643,617
645,543,490,578
626,423,476,464
503,479,669,443
552,525,706,555
580,513,663,387
457,341,478,522
531,432,492,476
544,597,345,391
529,591,363,497
630,397,563,415
560,499,417,491
528,439,436,516
537,513,521,385
474,511,460,496
436,348,536,508
350,446,448,544
479,517,538,387
616,500,417,446
480,500,524,563
621,498,584,629
506,453,480,526
566,459,533,518
529,683,506,496
495,474,471,485
585,581,536,482
473,499,538,446
530,499,514,514
430,478,513,559
474,523,517,527
503,463,526,576
473,476,592,528
391,440,540,491
537,545,409,564
430,528,479,496
514,483,565,470
519,440,580,464
437,548,520,528
537,557,382,511
612,495,565,587
462,536,633,557
530,552,545,517
587,417,427,621
496,542,445,546
350,408,486,587
486,513,398,501
561,387,500,590
445,588,515,540
521,666,558,534
528,507,419,564
502,458,524,422
533,463,557,500
537,446,478,392
476,534,635,459
553,501,484,493
499,450,500,405
479,304,386,531
367,698,518,511
477,548,368,513
506,564,494,413
609,544,462,426
543,537,583,477
524,484,532,415
420,467,526,435
550,535,398,435
532,526,456,558
436,530,482,413
427,496,479,465
483,583,510,559
450,415,458,430
560,389,342,560
530,439,466,463
510,399,500,499
598,477,634,498
480,457,513,534
492,464,464,456
495,443,546,490
471,497,546,491
274,375,443,534
457,547,521,514
592,618,604,495
449,561,615,427
536,479,473,537
639,366,580,467
523,497,561,524
508,417,523,462
393,565,454,433
472,403,415,463
498,470,399,456
419,530,451,555
426,568,528,583
550,516,540,610
489,560,343,461
556,535,413,413
559,485,455,549
429,439,539,451
552,573,504,530
435,526,555,484
452,550,588,412
526,372,506,487
559,519,555,511
450,518,447,410
404,450,487,535
607,387,525,422
565,557,497,418
466,562,410,496
553,451,523,472
577,396,388,452
488,575,526,623
471,513,578,501
525,473,521,531
506,479,475,536
474,520,539,397
420,599,428,446
459,622,427,549
534,574,525,387
550,459,444,448
465,486,555,530
575,441,393,552
385,449,531,515
615,541,565,565
440,445,505,386
526,417,519,516
607,471,538,472
617,469,520,408
283,513,575,508
538,382,486,479
488,539,390,462
559,537,567,486
494,456,462,461
493,498,539,581
486,551,529,488
495,574,464,413
584,387,500,541
548,485,597,452
414,515,421,569
494,469,529,439
408,492,507,601
561,487,449,573
476,580,482,605
591,584,491,429
416,613,408,481
532,362,483,381
607,512,397,579
533,515,540,466
515,450,458,558
659,459,567,534
559,566,522,540
576,540,504,527
523,442,531,494
475,539,515,594
548,554,440,604
445,626,558,532
448,478,464,501
394,637,433,442
435,697,539,450
495,465,437,387
411,547,450,467
421,454,580,536
524,536,537,505
566,569,444,472
451,483,711,687
656,571,519,449
663,487,500,501
380,365,558,599
514,559,309,470
612,599,529,478
549,590,525,538
520,558,504,585
607,460,542,396
513,548,414,472
561,438,443,553
556,537,584,396
460,464,374,536
543,344,556,643
531,418,504,452
462,441,471,519
426,512,438,609
502,541,416,496
370,392,554,460
481,551,538,604
544,463,506,585
579,506,496,545
422,494,569,505
418,523,472,451
485,615,372,478
548,645,453,420
432,492,484,497
465,385,401,291
584,452,619,593
446,492,559,444
578,574,467,502
511,523,541,537
458,455,548,460
505,513,457,533
484,409,547,434
539,510,493,517
571,528,585,479
422,388,501,524
519,584,534,614
508,431,628,437
497,523,602,507
483,558,469,448
431,470,442,509
511,503,533,682
511,454,391,633
530,306,475,481
600,566,534,449
488,568,489,565
482,457,590,558
343,539,513,505
434,539,457,458
335,384,612,526
378,479,464,495
487,611,503,436
534,576,614,401
524,544,582,496
512,424,481,534
464,490,626,537
504,354,496,571
569,399,684,486
468,460,507,538
553,621,365,625
406,531,534,494
504,551,363,529
299,499,505,526
428,501,568,574
550,440,426,367
598,447,400,442
471,548,388,678
486,508,473,499
388,504,421,413
537,550,422,430
493,514,599,547
488,524,517,470
395,517,469,373
430,484,330,481
545,470,501,548
546,578,376,460
443,414,460,473
515,485,413,621
552,495,469,450
609,466,590,519
592,574,527,546
462,498,518,549
636,529,449,499
582,555,379,584
552,652,437,539
435,541,497,570
495,566,481,599
557,527,564,576
492,459,562,608
555,524,577,501
497,534,516,498
458,604,570,546
476,486,527,470
495,530,537,541
536,390,516,469
548,504,449,470
487,463,492,479
567,424,529,500
611,497,459,546
469,338,477,690
511,346,514,528
495,514,586,565
528,574,419,524
606,560,513,529
374,406,508,375
553,364,497,583
419,447,455,561
424,519,420,488
580,482,430,535
429,579,414,468
477,383,459,564
484,504,341,525
487,479,481,626
411,448,387,482
446,403,486,471
467,488,403,587
360,529,530,362
403,536,440,382
462,430,385,496
564,420,488,434
426,611,401,597
533,394,564,503
525,422,504,520
391,587,516,592
424,515,422,457
577,512,440,462
532,472,498,612
590,423,429,387
459,399,439,331
446,539,525,487
478,500,654,466
510,439,504,551
564,377,646,544
470,345,419,514
530,579,565,466
455,452,412,522
651,425,464,448
512,470,537,499
464,541,696,572
317,492,555,374
299,400,548,527
581,546,453,628
358,577,530,347
514,527,623,374
419,443,548,522
462,577,408,519
531,525,365,563
476,515,504,560
600,513,544,441
332,589,524,586
523,516,522,432
387,452,533,454
513,585,469,470
496,482,670,535
357,575,493,502
392,533,518,599
554,595,364,562
533,369,622,500
486,545,483,504
427,543,337,495
536,549,495,650
432,582,371,469
440,584,342,386
641,575,516,546
591,457,432,514
457,540,410,581
362,493,522,580
545,494,559,541
475,512,511,406
491,567,523,529
494,614,567,391
475,446,493,402
477,461,531,480
487,509,553,385
433,465,517,509
367,430,532,514
437,537,407,386
437,559,499,444
588,594,608,461
528,471,593,454
412,310,445,578
473,340,452,550
628,474,435,565
447,559,389,411
506,599,566,582
684,521,595,542
545,622,578,444
432,396,599,445
526,453,615,585
554,496,572,503
568,528,370,495
427,442,620,408
570,575,590,524
592,545,486,494
473,419,479,570
490,497,476,435
574,624,517,635
267,574,359,436
569,512,585,509
400,438,493,473
421,525,464,711
416,567,493,473
531,504,542,451
479,481,532,466
671,472,603,582
525,577,459,458
555,427,567,481
534,502,450,592
542,503,547,386
461,518,491,499
465,395,565,602
531,514,439,537
526,341,410,418
482,557,509,496
599,614,524,590
632,391,527,503
332,573,527,502
552,583,602,539
505,385,520,429
520,525,520,538
547,495,449,438
503,524,462,613
390,446,500,512
513,521,690,576
489,621,425,499
513,531,531,534
516,558,485,446
498,487,553,492
522,542,597,506
607,475,523,466
519,363,462,494
567,551,430,481
483,597,524,473
531,418,478,614
415,492,573,523
513,568,549,439
350,646,427,470
453,554,534,578
466,605,516,517
620,502,497,581
479,585,476,478
548,550,368,484
612,524,541,674
548,537,426,496
543,485,568,484
491,470,383,532
559,493,497,522
704,613,604,676
667,583,566,644
630,648,591,682
701,723,584,555
543,710,579,467
663,523,599,789
691,565,569,567
660,645,699,560
527,548,514,666
635,629,713,605
611,630,653,443
566,629,710,613
745,648,508,686
635,624,391,585
688,641,588,607
551,738,597,687
550,614,504,737
630,548,546,461
526,599,476,500
555,486,687,643
645,653,614,686
577,560,621,661
568,572,669,614
516,630,694,637
585,687,674,671
666,539,588,724
711,576,698,552
642,611,678,580
578,552,546,691
579,682,618,591
557,628,608,603
504,568,378,537
743,611,604,486
674,703,698,580
652,658,641,562
465,559,557,654
603,627,569,683
589,705,621,520
634,593,602,596
594,697,538,506
651,682,623,620
586,586,564,613
529,666,656,436
579,596,595,572
682,598,672,628
582,529,620,566
579,612,620,548
586,638,539,634
507,570,575,616
535,588,551,598
555,628,594,733
555,714,637,739
553,569,558,648
609,439,441,590
701,632,632,551
545,551,596,586
522,514,613,622
701,678,556,658
725,604,529,621
566,616,478,704
541,610,672,632
638,555,576,582
717,623,577,703
733,542,544,674
505,644,551,602
520,685,490,545
498,598,580,763
654,614,704,584
608,574,640,616
630,636,566,604
630,572,570,592
615,575,587,550
584,693,606,549
710,524,666,547
613,591,546,499
520,663,449,581
686,473,628,736
679,626,589,637
526,599,678,712
476,512,688,588
635,608,568,585
497,554,632,596
682,509,524,467
536,664,552,649
619,676,589,685
704,594,685,624
538,704,578,618
529,555,529,494
457,565,594,660
523,587,686,583
493,514,517,590
551,481,611,616
691,525,500,571
556,675,627,585
613,614,737,648
568,636,518,659
680,602,509,573
647,603,669,438
701,631,612,634
571,710,614,723
579,612,502,647
653,694,623,554
679,569,632,513
525,652,638,616
678,534,539,455
672,591,608,668
631,569,619,546
523,487,585,604
468,671,559,559
586,679,569,750
742,563,594,634
568,620,618,632
583,523,765,615
684,559,629,587
601,635,640,634
572,607,537,623
682,630,546,530
589,578,645,577
649,641,607,615
571,545,689,667
622,550,639,689
671,517,499,636
648,564,590,612
689,603,594,523
440,509,691,503
736,592,613,567
596,664,429,572
574,635,508,690
520,570,690,710
613,652,577,651
633,608,656,515
571,633,519,598
685,648,679,699
560,489,557,588
560,684,683,679
734,429,572,576
708,590,512,590
556,544,636,602
538,622,668,618
595,596,631,547
630,672,610,494
473,492,524,615
478,595,510,588
548,657,728,609
568,546,634,585
474,621,540,516
608,687,532,595
619,521,612,539
647,535,689,540
594,569,591,543
677,575,483,455
566,548,591,681
539,561,643,549
721,718,454,611
702,618,518,601
519,670,644,603
684,509,521,618
666,740,651,565
589,500,668,615
611,651,607,584
626,579,516,624
560,612,579,734
629,586,495,490
756,563,558,593
508,515,647,648
630,602,640,607
452,510,637,623
467,654,568,633
513,559,483,528
679,543,739,640
564,666,643,578
545,548,572,540
593,687,660,549
556,608,484,666
645,731,670,532
562,667,525,612
787,630,613,687
594,601,607,567
502,642,648,613
596,681,470,654
711,527,581,698
713,616,613,596
614,580,628,511
541,540,575,548
742,658,604,725
650,467,534,573
590,510,513,579
661,603,502,677
564,719,694,630
610,640,598,537
581,658,643,569
714,612,581,587
542,666,560,612
475,732,544,564
615,524,635,570
657,533,529,569
688,503,695,637
647,618,681,606
587,604,581,557
562,543,677,597
488,542,564,564
647,551,435,605
596,561,682,531
540,586,694,762
620,608,667,667
622,602,616,532
577,630,565,488
611,562,647,560
623,452,689,691
638,601,578,538
487,685,582,474
601,559,530,687
593,553,614,545
591,659,654,607
577,582,690,664
616,525,700,555
682,676,710,576
577,618,513,506
701,511,618,628
642,604,606,704
683,682,685,548
513,598,674,724
549,731,782,616
655,528,629,665
690,563,604,735
541,550,587,644
546,680,631,642
673,652,478,688
746,654,569,632
573,619,669,542
701,669,649,546
560,673,512,570
543,686,583,572
543,587,587,568
621,470,568,546
497,648,620,606
413,621,626,613
637,609,515,503
576,595,612,541
636,637,633,521
688,560,612,551
666,634,577,620
504,600,696,599
492,576,567,586
593,495,702,573
528,692,489,589
709,588,520,601
606,514,656,641
560,610,598,501
631,508,540,540
662,545,694,547
475,614,510,470
626,620,603,571
661,496,545,525
635,591,577,500
639,470,630,692
520,559,606,704
691,474,582,506
735,552,670,490
570,372,529,555
662,552,629,641
522,644,596,703
834,563,480,642
545,536,532,666
656,673,587,639
619,445,601,610
655,600,773,685
590,381,634,548
508,580,631,638
611,658,520,654
704,767,503,648
615,609,501,647
649,527,488,597
611,588,665,633
436,517,712,488
616,601,681,675
585,532,637,561
695,632,665,739
637,723,591,529
576,553,581,567
619,536,600,584
516,634,606,633
693,546,688,590
597,560,617,625
590,543,610,531
611,611,594,660
640,588,702,674
628,513,570,496
593,614,706,645
454,507,634,699
578,584,424,671
718,651,497,554
523,635,595,652
703,614,541,594
633,713,711,674
648,644,589,623
478,700,672,587
561,556,546,493
678,560,635,588
581,588,577,566
596,589,668,554
625,634,628,660
564,651,742,589
528,545,594,651
472,534,756,515
621,611,603,616
575,528,533,633
595,493,563,770
661,560,562,588
502,551,518,670
546,586,573,618
640,532,734,596
660,490,539,552
680,519,519,386
629,542,693,607
554,632,631,505
646,592,584,686
646,540,553,592
621,516,647,586
613,654,612,540
654,633,646,540
590,387,659,585
634,602,534,663
677,607,633,527
634,545,497,744
665,627,491,588
649,652,604,558
617,544,558,605
554,646,591,584
596,508,666,617
694,606,582,599
487,549,472,658
563,546,611,669
587,552,509,625
719,580,554,662
554,627,648,536
557,608,714,624
631,556,479,598
563,599,552,648
581,586,676,666
703,606,626,649
671,582,471,567
636,558,595,633
611,565,568,582
579,571,650,583
612,679,567,569
615,711,562,589
577,639,631,584
600,683,418,629
626,582,688,631
724,554,645,558
650,606,507,624
498,573,506,656
557,510,646,525
531,539,615,678
620,524,505,592
612,587,565,573
646,662,678,542
532,654,434,586
579,634,667,594
577,564,547,680
636,670,563,611
571,526,662,599
620,641,608,598
506,532,651,537
664,542,601,583
607,573,515,479
611,679,662,451
526,581,626,593
635,549,750,455
497,576,537,656
604,546,531,644
611,640,580,655
637,646,597,696
727,596,565,668
504,666,580,723
627,576,456,618
554,647,450,552
586,549,593,633
670,507,595,585
674,603,554,445
661,579,543,516
685,620,624,610
657,692,563,747
444,654,615,548
685,590,569,688
504,607,570,609
629,542,647,491
542,519,687,635
603,729,513,532
754,568,536,546
500,713,501,616
582,581,600,636
587,601,606,424
680,662,698,648
662,645,714,517
587,752,591,570
640,583,673,566
590,635,630,550
609,616,541,625
625,639,655,460
567,688,525,595
586,501,741,667
574,448,615,494
471,553,611,616
604,609,494,564
608,575,610,682
552,650,551,524
585,599,589,574
626,610,642,682
560,647,466,596
670,552,623,519
571,556,528,576
507,600,596,786
711,540,552,592
780,565,578,654
548,583,607,617
554,688,618,608
626,542,608,724
637,487,614,530
624,575,699,620
461,636,609,605
520,467,646,571
645,633,509,570
519,649,507,558
624,623,687,611
663,521,598,726
684,722,560,586
659,673,538,540
675,533,691,617
566,607,527,558
550,666,601,509
584,539,502,600
618,519,563,678
551,589,435,612
477,609,610,740
662,668,614,602
424,658,621,542
578,669,523,600
738,608,516,664
517,625,493,583
557,586,522,441
794,641,622,675
665,489,634,487
632,531,566,720
708,622,566,658
640,584,619,678
589,538,509,660
503,544,579,607
676,614,719,545
649,608,570,699
566,615,595,463
691,676,569,535
772,638,572,599
616,632,496,615
449,555,647,633
624,512,765,595
439,631,577,529
626,653,701,596
617,487,620,532
634,527,526,642
606,672,540,478
580,556,597,654
633,592,509,553
721,623,561,535
594,592,616,578
574,519,571,581
695,655,633,671
676,624,660,578
523,610,606,632
604,729,619,705
631,641,610,659
667,599,665,535
619,575,654,757
604,536,630,572
553,672,615,628
543,535,658,706
593,649,612,634
536,583,521,564
655,798,658,666
645,608,560,499
592,555,586,611
454,623,645,567
577,503,649,549
696,742,671,575
436,793,564,547
572,774,670,619
560,637,523,665
756,517,636,531
599,471,558,477
573,613,584,627
614,762,568,588
604,473,632,644
529,658,582,633
676,560,597,555
547,677,588,549
590,577,615,759
796,764,632,566
659,609,625,404
647,666,466,583
617,587,633,568
577,507,581,597
678,698,615,607
627,570,634,588
589,524,604,614
571,563,549,592
622,624,544,607
589,629,695,589
629,615,634,538
558,590,573,583
731,469,713,636
643,572,643,402
555,487,593,609
515,625,548,641
623,557,648,536
532,542,672,424
594,593,566,679
624,497,706,643
563,610,481,623
752,628,638,580
626,573,714,637
636,573,607,572
633,508,693,689
719,588,646,548
645,471,595,691
609,531,464,562
563,698,543,577
662,685,531,713
574,563,599,590
641,748,662,639
488,571,475,651
601,528,628,602
582,555,569,765
675,580,508,639
692,613,467,597
719,516,637,612
635,629,624,495
617,666,634,559
734,616,667,607
629,575,653,564
569,562,657,630
756,566,725,503
616,624,720,531
647,643,572,650
600,619,656,387
597,652,533,585
361,527,726,604
537,545,562,586
703,611,601,644
572,572,570,532
642,627,714,690
563,609,526,514
637,629,544,508
425,687,488,606
635,557,597,562
649,504,543,585
633,673,702,572
624,630,604,768
653,627,716,514
583,584,477,516
626,556,734,657
547,486,554,688
657,674,607,757
642,582,695,665
614,632,553,522
688,636,523,562
626,557,508,568
562,609,635,638
492,692,701,573
453,531,573,611
698,517,514,566
687,571,572,698
535,502,644,677
653,544,531,632
532,548,560,672
449,594,508,501
675,550,681,522
466,623,528,650
659,538,640,594
582,582,619,608
450,651,531,487
672,701,577,603
581,713,744,596
565,704,669,633
657,596,617,676
517,522,687,637
560,511,539,510
514,532,644,571
501,663,698,671
665,579,584,574
607,604,558,609
575,407,542,610
556,512,570,659
499,439,669,665
488,514,581,581
614,628,633,610
543,589,721,641
510,574,681,441
654,547,724,528
656,588,606,576
611,629,627,648
572,420,665,628
689,554,546,495
618,602,735,549
664,590,631,627
586,559,501,706
737,629,582,620
707,641,660,668
577,543,629,608
729,614,606,617
639,562,600,583
651,606,545,582
516,565,617,627
535,538,587,576
635,702,590,617
623,658,574,552
695,568,614,529
608,532,604,541
558,701,612,469
659,735,684,567
651,712,770,510
628,490,715,605
528,597,752,542
602,604,561,681
614,689,640,482
531,653,638,561
543,668,537,578
578,677,545,633
709,600,595,616
619,637,541,537
682,581,597,665
553,613,505,587
679,620,650,480
582,498,604,596
529,636,599,563
595,668,546,499
644,593,559,553
504,656,532,587
609,566,717,549
546,666,539,589
564,548,658,561
667,576,602,671
685,625,542,474
492,603,563,672
595,722,549,573
562,492,600,491
617,595,639,581
617,716,621,517
606,600,584,580
570,671,662,552
566,492,701,552
623,698,500,507
625,732,641,505
609,663,607,620
680,566,520,613
605,606,608,664
549,524,586,496
621,573,584,627
570,458,520,705
515,686,418,639
560,564,730,481
652,587,512,587
513,585,627,762
646,533,673,614
508,479,715,647
496,535,603,546
641,727,555,601
547,621,665,522
524,665,754,641
585,520,515,563
645,522,606,663
792,749,578,669
656,532,648,613
607,647,557,645
381,638,535,639
581,692,649,478
595,582,604,528
531,574,581,673
524,540,542,671
589,674,720,697
652,669,601,712
584,665,609,638
661,624,582,652
558,632,734,588
503,551,547,575
595,551,500,632
569,572,689,591
467,503,652,566
651,716,615,582
451,524,677,665
575,564,536,655
652,618,465,535
583,686,652,539
666,588,617,616
694,531,520,515
628,489,573,694
563,639,561,659
606,680,671,570
530,580,524,620
637,546,663,608
565,601,589,672
520,623,540,563
654,527,649,679
585,731,656,548
652,499,549,530
627,600,609,567
557,576,587,689
553,533,565,682
605,517,583,647
579,642,642,650
649,646,752,590
578,605,637,532
465,592,568,635
690,604,581,588
673,687,589,607
606,586,601,531
620,628,603,667
505,537,654,665
703,527,688,567
640,584,597,534
625,693,443,569
686,646,488,653
673,614,576,757
578,688,648,594
594,608,496,621
629,680,510,689
665,698,553,520
745,770,632,673
669,601,548,444
629,511,752,623
442,643,634,505
629,513,575,609
637,492,564,587
579,698,669,530
602,572,587,616
704,720,629,650
515,531,653,409
507,654,510,534
512,458,667,692
669,572,674,602
546,645,645,627
621,595,549,504
723,656,593,634
509,574,458,638
637,622,542,491
550,547,626,653
685,624,621,625
554,654,671,572
536,586,629,669
529,605,729,562
649,510,521,660
644,591,736,647
630,595,694,539
644,623,626,617
638,496,574,538
646,579,665,712
643,545,629,590
489,578,632,594
736,439,538,527
467,531,535,557
603,568,564,720
594,543,687,678
600,637,619,609
610,662,657,620
690,638,632,557
642,655,656,533
621,679,599,667
543,690,698,570
702,616,642,542
628,531,583,601
714,678,549,618
604,611,529,580
712,523,679,678
557,764,622,616
547,551,490,656
637,511,626,636
603,549,608,609
511,726,607,690
588,662,616,651
565,558,681,678
483,626,672,637
608,534,607,552
600,577,575,633
550,561,654,516
636,544,444,586
768,649,688,762
586,587,748,557
542,633,490,622
579,465,561,568
684,611,619,628
460,626,479,570
539,618,590,493
553,602,597,697
597,719,581,565
689,526,645,714
653,628,564,639
644,674,611,666
741,517,628,594
631,620,625,550
638,599,603,438
603,549,665,715
554,498,673,731
542,499,520,614
530,658,614,520
647,669,561,607
566,591,586,560
614,692,711,552
633,697,566,587
466,540,606,661
527,570,619,660
440,677,534,568
614,683,559,553
655,553,569,601
601,599,666,657
741,616,638,604
551,489,666,661
642,662,540,582
539,642,599,472
583,606,658,389
627,683,518,690
680,621,624,634
631,639,561,682
578,647,614,587
461,582,532,688
621,624,664,587
582,676,697,535
581,652,646,477
621,560,562,668
627,498,585,598
611,619,693,560
577,537,601,736
683,737,569,781
581,678,491,493
722,523,579,484
596,608,695,645
596,542,605,517
513,716,573,718
591,644,561,698
583,583,682,492
445,653,675,530
646,591,582,449
589,557,626,548
570,713,718,559
609,716,510,485
631,603,571,723
647,621,540,631
549,656,607,584
500,599,570,480
641,770,684,491
624,526,517,521
556,609,518,614
558,520,627,687
471,621,490,607
728,578,755,571
598,583,516,546
600,508,553,556
623,429,562,503
586,771,664,713
578,500,577,555
549,618,562,586
516,578,587,492
673,492,650,534
527,683,582,571
639,693,551,681
578,567,554,521
745,667,674,706
651,536,532,590
664,499,457,634
576,681,517,595
609,589,572,586
564,599,746,600
576,684,586,532
518,548,643,678
595,742,660,568
541,560,507,642
557,470,663,543
603,722,551,511
623,657,654,556
578,574,583,634
503,695,534,758
611,612,626,581
493,543,571,556
624,568,667,614
520,678,628,750
500,636,597,686
512,531,687,670
592,551,653,573
663,545,516,664
647,574,559,601
572,742,608,664
721,510,672,649
626,591,593,626
566,652,715,650
594,696,470,526
550,592,623,556
700,711,641,632
597,543,708,631
594,512,672,591
581,631,561,583
595,443,596,610
608,658,509,565
553,666,616,582
449,714,615,642
664,572,486,634
543,536,522,603
657,603,638,545
613,562,586,580
619,552,608,621
559,615,579,573
656,568,430,658
503,664,680,598
463,653,569,647
652,626,650,605
538,530,521,589
618,615,625,599
757,665,572,611
484,505,567,501
484,615,581,558
701,492,570,471
592,557,549,537
620,629,509,721
583,731,578,660
491,635,549,589
499,545,694,623
607,531,611,625
594,568,680,504
507,664,601,588
714,472,535,565
517,661,558,666
586,683,628,694
633,653,637,741
557,706,606,603
645,591,626,496
509,475,587,658
589,581,627,494
660,495,567,575
594,722,520,647
814,631,531,728
578,657,492,497
515,644,616,650
705,671,565,637
683,636,625,716
489,507,554,699
518,560,518,629
733,670,479,590
655,445,682,670
531,575,594,623
512,609,461,562
598,547,556,734
638,455,582,599
448,642,610,514
603,538,600,572
625,484,572,439
643,685,562,663
600,481,648,552
559,514,589,548
765,656,529,517
610,433,632,581
596,656,718,629
471,655,521,554
538,601,564,601
663,526,582,566
642,707,691,579
537,694,630,675
813,541,487,527
610,634,507,671
594,398,430,600
656,555,557,426
594,645,668,607
626,576,702,727
617,636,470,706
574,543,575,412
629,697,564,681
630,446,562,571
512,494,648,637
632,591,643,653
669,624,658,589
526,579,692,637
456,590,505,684
564,578,506,532
696,544,511,633
593,720,779,623
650,591,564,527
657,411,624,502
633,718,642,625
677,499,725,484
559,553,628,778
486,543,751,614
525,490,695,391
563,623,668,705
694,547,648,494
745,456,556,692
582,655,725,550
648,650,601,588
640,650,635,511
532,675,564,571
593,553,507,648
648,566,607,637
587,471,532,681
582,571,686,577
542,612,643,620
535,563,613,566
523,470,655,700
628,741,618,636
646,472,704,597
555,523,502,665
805,615,573,525
616,580,550,565
507,493,529,529
492,503,516,687
546,659,672,677
583,612,484,661
539,492,611,576
657,682,572,653
677,599,740,571
729,475,581,644
589,514,626,652
527,542,523,545
588,564,519,540
590,481,561,671
636,600,654,642
592,684,596,531
550,741,498,546
572,669,713,621

